init_cas9_virus	init_junk	virus_kill_density
1	0	1.000000
4	0	0.250000
7	0	0.571429
10	0	0.600000
13	0	0.923077
16	0	0.812500
19	0	0.894737
22	0	0.909091
25	0	0.880000
28	0	0.892857
31	0	0.903226
34	0	0.911765
37	0	0.918919
40	0	0.975000
43	0	0.930233
46	0	0.869565
49	0	0.918367
52	0	0.961538
55	0	0.909091
58	0	0.913793
61	0	0.950820
64	0	0.968750
67	0	0.955224
70	0	0.928571
73	0	0.931507
76	0	0.973684
79	0	0.962025
82	0	0.963415
85	0	0.952941
88	0	0.920455
1	10	1.000000
4	10	0.750000
7	10	0.714286
10	10	0.700000
13	10	0.923077
16	10	0.812500
19	10	0.947368
22	10	0.909091
25	10	0.960000
28	10	0.928571
31	10	0.870968
34	10	0.941176
37	10	0.864865
40	10	0.950000
43	10	0.930233
46	10	0.891304
49	10	0.938776
52	10	0.961538
55	10	0.927273
58	10	0.965517
61	10	0.950820
64	10	0.937500
67	10	0.955224
70	10	0.942857
73	10	0.945205
76	10	0.934211
79	10	0.924051
82	10	0.963415
85	10	0.941176
88	10	0.965909
1	20	0.000000
4	20	0.750000
7	20	0.714286
10	20	0.900000
13	20	0.769231
16	20	0.875000
19	20	0.894737
22	20	0.863636
25	20	0.960000
28	20	0.928571
31	20	0.967742
34	20	0.882353
37	20	0.918919
40	20	0.900000
43	20	0.930233
46	20	0.913043
49	20	0.959184
52	20	0.923077
55	20	0.927273
58	20	0.965517
61	20	0.967213
64	20	0.968750
67	20	0.925373
70	20	0.957143
73	20	0.945205
76	20	0.973684
79	20	0.949367
82	20	0.951220
85	20	0.952941
88	20	0.965909
1	30	0.000000
4	30	0.750000
7	30	0.714286
10	30	0.700000
13	30	0.846154
16	30	0.875000
19	30	0.947368
22	30	0.863636
25	30	0.960000
28	30	0.964286
31	30	0.967742
34	30	0.911765
37	30	0.945946
40	30	0.950000
43	30	0.930233
46	30	0.956522
49	30	0.938776
52	30	0.942308
55	30	0.945455
58	30	0.931034
61	30	0.934426
64	30	0.921875
67	30	0.970149
70	30	0.957143
73	30	0.945205
76	30	0.921053
79	30	0.936709
82	30	0.963415
85	30	0.964706
88	30	0.931818
1	40	1.000000
4	40	0.500000
7	40	0.571429
10	40	0.800000
13	40	0.846154
16	40	0.812500
19	40	0.789474
22	40	0.818182
25	40	0.840000
28	40	0.928571
31	40	0.935484
34	40	0.911765
37	40	0.918919
40	40	0.950000
43	40	0.906977
46	40	0.956522
49	40	0.897959
52	40	0.942308
55	40	0.872727
58	40	0.931034
61	40	0.950820
64	40	0.968750
67	40	0.955224
70	40	0.942857
73	40	0.972603
76	40	0.960526
79	40	0.924051
82	40	0.939024
85	40	0.964706
88	40	0.954545
1	50	0.000000
4	50	0.500000
7	50	0.714286
10	50	0.700000
13	50	0.846154
16	50	0.937500
19	50	0.736842
22	50	0.863636
25	50	0.920000
28	50	0.892857
31	50	0.903226
34	50	1.000000
37	50	0.945946
40	50	0.950000
43	50	0.953488
46	50	0.913043
49	50	0.938776
52	50	0.942308
55	50	0.945455
58	50	0.931034
61	50	0.950820
64	50	0.906250
67	50	0.940299
70	50	0.928571
73	50	0.931507
76	50	0.947368
79	50	0.962025
82	50	0.926829
85	50	0.964706
88	50	0.965909
1	60	1.000000
4	60	0.500000
7	60	0.571429
10	60	0.900000
13	60	0.846154
16	60	0.812500
19	60	0.842105
22	60	0.909091
25	60	0.920000
28	60	0.928571
31	60	0.935484
34	60	0.882353
37	60	0.945946
40	60	0.950000
43	60	0.930233
46	60	0.934783
49	60	0.897959
52	60	0.884615
55	60	0.963636
58	60	0.948276
61	60	0.918033
64	60	0.953125
67	60	0.925373
70	60	0.942857
73	60	0.931507
76	60	0.947368
79	60	0.962025
82	60	0.987805
85	60	0.964706
88	60	0.954545
1	70	0.000000
4	70	0.750000
7	70	0.857143
10	70	0.800000
13	70	0.769231
16	70	0.875000
19	70	0.894737
22	70	0.954545
25	70	0.880000
28	70	0.928571
31	70	0.935484
34	70	0.882353
37	70	0.945946
40	70	0.975000
43	70	0.953488
46	70	0.978261
49	70	0.918367
52	70	0.923077
55	70	0.945455
58	70	0.913793
61	70	0.950820
64	70	0.968750
67	70	0.955224
70	70	0.957143
73	70	0.972603
76	70	0.921053
79	70	0.974684
82	70	0.939024
85	70	0.964706
88	70	0.965909
1	80	1.000000
4	80	0.750000
7	80	0.428571
10	80	0.800000
13	80	0.923077
16	80	0.750000
19	80	0.789474
22	80	0.909091
25	80	0.920000
28	80	0.928571
31	80	0.903226
34	80	0.852941
37	80	0.891892
40	80	0.925000
43	80	0.906977
46	80	0.956522
49	80	0.897959
52	80	0.961538
55	80	0.981818
58	80	0.965517
61	80	0.901639
64	80	0.953125
67	80	0.970149
70	80	0.928571
73	80	0.945205
76	80	0.973684
79	80	0.949367
82	80	0.975610
85	80	0.976471
88	80	0.943182
1	90	0.000000
4	90	0.750000
7	90	0.714286
10	90	0.800000
13	90	0.846154
16	90	0.750000
19	90	0.736842
22	90	0.909091
25	90	0.880000
28	90	0.892857
31	90	0.903226
34	90	0.911765
37	90	0.918919
40	90	0.850000
43	90	0.953488
46	90	0.934783
49	90	0.897959
52	90	0.980769
55	90	0.981818
58	90	0.948276
61	90	0.950820
64	90	0.968750
67	90	0.910448
70	90	0.957143
73	90	0.958904
76	90	0.947368
79	90	0.974684
82	90	0.963415
85	90	0.941176
88	90	0.965909
1	100	0.000000
4	100	0.750000
7	100	0.714286
10	100	0.800000
13	100	0.846154
16	100	0.812500
19	100	0.894737
22	100	1.000000
25	100	0.880000
28	100	0.892857
31	100	0.935484
34	100	0.941176
37	100	0.945946
40	100	0.950000
43	100	0.930233
46	100	0.913043
49	100	0.959184
52	100	0.923077
55	100	0.963636
58	100	0.931034
61	100	0.918033
64	100	0.921875
67	100	0.985075
70	100	0.957143
73	100	0.931507
76	100	0.921053
79	100	0.949367
82	100	0.951220
85	100	0.964706
88	100	0.965909
1	110	0.000000
4	110	0.750000
7	110	0.714286
10	110	0.700000
13	110	0.769231
16	110	0.875000
19	110	0.789474
22	110	0.863636
25	110	0.920000
28	110	0.892857
31	110	0.903226
34	110	0.941176
37	110	0.918919
40	110	0.925000
43	110	0.930233
46	110	0.869565
49	110	0.897959
52	110	0.942308
55	110	0.945455
58	110	0.948276
61	110	0.934426
64	110	0.937500
67	110	0.925373
70	110	0.928571
73	110	0.945205
76	110	0.973684
79	110	0.974684
82	110	0.963415
85	110	0.941176
88	110	0.977273
1	120	1.000000
4	120	0.250000
7	120	0.571429
10	120	0.700000
13	120	0.923077
16	120	0.875000
19	120	0.842105
22	120	0.818182
25	120	0.960000
28	120	0.892857
31	120	0.935484
34	120	0.882353
37	120	0.918919
40	120	0.925000
43	120	0.883721
46	120	0.913043
49	120	0.918367
52	120	0.942308
55	120	0.963636
58	120	0.965517
61	120	0.934426
64	120	0.921875
67	120	0.940299
70	120	0.942857
73	120	0.958904
76	120	0.947368
79	120	0.962025
82	120	0.963415
85	120	0.941176
88	120	0.954545
1	130	0.000000
4	130	0.750000
7	130	0.571429
10	130	0.800000
13	130	0.846154
16	130	0.937500
19	130	0.894737
22	130	0.909091
25	130	0.840000
28	130	0.928571
31	130	0.935484
34	130	0.911765
37	130	0.918919
40	130	0.900000
43	130	0.883721
46	130	0.956522
49	130	0.897959
52	130	0.903846
55	130	0.963636
58	130	0.931034
61	130	0.934426
64	130	0.906250
67	130	0.955224
70	130	0.971429
73	130	0.958904
76	130	0.973684
79	130	0.962025
82	130	0.951220
85	130	0.941176
88	130	0.965909
1	140	1.000000
4	140	0.750000
7	140	0.571429
10	140	0.600000
13	140	0.692308
16	140	0.875000
19	140	0.947368
22	140	0.863636
25	140	0.880000
28	140	0.857143
31	140	0.838710
34	140	0.941176
37	140	0.864865
40	140	0.950000
43	140	0.930233
46	140	0.956522
49	140	0.959184
52	140	0.942308
55	140	0.963636
58	140	0.931034
61	140	0.950820
64	140	0.921875
67	140	0.940299
70	140	0.971429
73	140	0.958904
76	140	0.947368
79	140	0.949367
82	140	0.951220
85	140	0.952941
88	140	0.943182
1	150	1.000000
4	150	0.750000
7	150	0.857143
10	150	1.000000
13	150	0.769231
16	150	0.750000
19	150	0.789474
22	150	0.863636
25	150	0.880000
28	150	0.964286
31	150	0.903226
34	150	0.882353
37	150	0.972973
40	150	0.925000
43	150	0.883721
46	150	0.934783
49	150	0.938776
52	150	0.961538
55	150	0.909091
58	150	0.931034
61	150	0.934426
64	150	0.937500
67	150	0.925373
70	150	0.957143
73	150	0.945205
76	150	0.960526
79	150	0.911392
82	150	0.963415
85	150	0.952941
88	150	0.977273
1	160	0.000000
4	160	0.750000
7	160	0.857143
10	160	0.900000
13	160	0.923077
16	160	0.812500
19	160	0.842105
22	160	0.863636
25	160	0.920000
28	160	0.892857
31	160	0.935484
34	160	0.882353
37	160	0.945946
40	160	0.900000
43	160	0.930233
46	160	0.956522
49	160	0.938776
52	160	0.923077
55	160	0.963636
58	160	0.931034
61	160	0.967213
64	160	0.984375
67	160	0.955224
70	160	0.957143
73	160	0.958904
76	160	0.973684
79	160	0.936709
82	160	0.963415
85	160	0.964706
88	160	0.920455
1	170	0.000000
4	170	0.750000
7	170	0.857143
10	170	0.800000
13	170	0.923077
16	170	0.750000
19	170	0.842105
22	170	0.818182
25	170	0.880000
28	170	0.928571
31	170	0.870968
34	170	0.911765
37	170	0.891892
40	170	0.900000
43	170	0.930233
46	170	0.934783
49	170	0.938776
52	170	0.923077
55	170	0.945455
58	170	0.948276
61	170	0.934426
64	170	0.937500
67	170	0.940299
70	170	0.971429
73	170	0.931507
76	170	0.921053
79	170	0.962025
82	170	0.951220
85	170	0.952941
88	170	0.943182
1	180	0.000000
4	180	0.500000
7	180	0.857143
10	180	0.800000
13	180	0.846154
16	180	0.875000
19	180	0.947368
22	180	0.909091
25	180	0.920000
28	180	0.928571
31	180	0.903226
34	180	0.911765
37	180	0.918919
40	180	0.925000
43	180	0.953488
46	180	0.956522
49	180	0.938776
52	180	0.961538
55	180	0.963636
58	180	0.931034
61	180	0.934426
64	180	0.968750
67	180	0.940299
70	180	0.928571
73	180	0.958904
76	180	0.947368
79	180	0.949367
82	180	0.975610
85	180	0.976471
88	180	0.954545
1	190	0.000000
4	190	0.750000
7	190	0.714286
10	190	0.800000
13	190	0.769231
16	190	0.875000
19	190	0.947368
22	190	0.727273
25	190	0.920000
28	190	0.892857
31	190	0.935484
34	190	0.882353
37	190	0.864865
40	190	0.900000
43	190	0.930233
46	190	0.934783
49	190	0.938776
52	190	0.903846
55	190	0.981818
58	190	0.948276
61	190	0.934426
64	190	0.937500
67	190	0.955224
70	190	0.957143
73	190	0.945205
76	190	0.960526
79	190	0.924051
82	190	0.963415
85	190	0.964706
88	190	0.943182
1	200	1.000000
4	200	0.500000
7	200	0.428571
10	200	0.700000
13	200	0.846154
16	200	0.812500
19	200	0.789474
22	200	0.818182
25	200	0.840000
28	200	0.928571
31	200	0.870968
34	200	0.852941
37	200	0.891892
40	200	0.950000
43	200	0.930233
46	200	0.934783
49	200	0.877551
52	200	0.942308
55	200	0.909091
58	200	0.931034
61	200	0.950820
64	200	0.953125
67	200	0.970149
70	200	0.971429
73	200	0.931507
76	200	0.934211
79	200	0.936709
82	200	0.963415
85	200	0.952941
88	200	0.954545
1	210	0.000000
4	210	0.500000
7	210	0.714286
10	210	0.800000
13	210	0.769231
16	210	0.875000
19	210	0.842105
22	210	0.954545
25	210	0.920000
28	210	0.964286
31	210	0.838710
34	210	0.852941
37	210	0.918919
40	210	0.925000
43	210	0.930233
46	210	0.847826
49	210	0.897959
52	210	0.923077
55	210	0.927273
58	210	0.879310
61	210	0.967213
64	210	0.937500
67	210	0.940299
70	210	0.957143
73	210	0.931507
76	210	0.960526
79	210	0.949367
82	210	0.963415
85	210	0.964706
88	210	0.965909
1	220	0.000000
4	220	0.500000
7	220	0.857143
10	220	0.700000
13	220	0.769231
16	220	0.937500
19	220	0.842105
22	220	0.909091
25	220	0.920000
28	220	0.857143
31	220	0.903226
34	220	0.911765
37	220	0.945946
40	220	0.900000
43	220	0.930233
46	220	0.913043
49	220	0.959184
52	220	0.903846
55	220	0.963636
58	220	0.931034
61	220	0.934426
64	220	0.968750
67	220	0.955224
70	220	0.957143
73	220	0.958904
76	220	0.934211
79	220	0.974684
82	220	0.951220
85	220	0.964706
88	220	0.931818
1	230	0.000000
4	230	0.500000
7	230	0.857143
10	230	0.900000
13	230	0.692308
16	230	0.750000
19	230	0.789474
22	230	0.909091
25	230	0.880000
28	230	0.857143
31	230	0.903226
34	230	0.970588
37	230	0.918919
40	230	0.925000
43	230	0.906977
46	230	0.934783
49	230	0.959184
52	230	0.942308
55	230	0.945455
58	230	0.965517
61	230	0.934426
64	230	0.968750
67	230	0.940299
70	230	0.957143
73	230	0.958904
76	230	0.881579
79	230	0.949367
82	230	0.939024
85	230	0.964706
88	230	0.965909
1	240	1.000000
4	240	0.750000
7	240	0.714286
10	240	0.700000
13	240	0.769231
16	240	0.875000
19	240	0.842105
22	240	0.818182
25	240	0.840000
28	240	0.928571
31	240	0.870968
34	240	0.911765
37	240	0.837838
40	240	0.975000
43	240	0.906977
46	240	0.934783
49	240	0.938776
52	240	0.923077
55	240	0.927273
58	240	0.965517
61	240	0.934426
64	240	0.953125
67	240	0.970149
70	240	0.957143
73	240	0.945205
76	240	0.960526
79	240	0.974684
82	240	0.975610
85	240	0.917647
88	240	0.954545
1	250	1.000000
4	250	0.500000
7	250	0.571429
10	250	0.900000
13	250	0.769231
16	250	0.875000
19	250	0.894737
22	250	0.818182
25	250	0.880000
28	250	0.892857
31	250	0.935484
34	250	0.882353
37	250	0.918919
40	250	0.900000
43	250	0.906977
46	250	0.978261
49	250	0.959184
52	250	0.923077
55	250	0.981818
58	250	0.948276
61	250	0.967213
64	250	0.953125
67	250	0.925373
70	250	0.957143
73	250	0.958904
76	250	0.960526
79	250	0.936709
82	250	0.951220
85	250	0.964706
88	250	0.965909
1	260	0.000000
4	260	0.750000
7	260	0.857143
10	260	0.800000
13	260	0.923077
16	260	0.875000
19	260	0.842105
22	260	0.863636
25	260	0.920000
28	260	0.857143
31	260	0.903226
34	260	0.882353
37	260	0.972973
40	260	0.900000
43	260	0.906977
46	260	0.913043
49	260	0.938776
52	260	0.903846
55	260	0.945455
58	260	0.982759
61	260	0.967213
64	260	0.937500
67	260	0.970149
70	260	0.957143
73	260	0.958904
76	260	0.947368
79	260	0.949367
82	260	0.926829
85	260	0.976471
88	260	0.965909
1	270	0.000000
4	270	0.500000
7	270	0.857143
10	270	0.800000
13	270	0.846154
16	270	0.687500
19	270	0.842105
22	270	0.863636
25	270	0.840000
28	270	0.928571
31	270	0.903226
34	270	0.882353
37	270	0.891892
40	270	0.925000
43	270	0.953488
46	270	0.913043
49	270	0.959184
52	270	0.942308
55	270	0.927273
58	270	0.965517
61	270	0.918033
64	270	0.921875
67	270	0.925373
70	270	0.942857
73	270	0.958904
76	270	0.947368
79	270	0.949367
82	270	0.963415
85	270	0.917647
88	270	0.943182
1	280	0.000000
4	280	0.750000
7	280	0.857143
10	280	0.700000
13	280	0.769231
16	280	0.875000
19	280	0.894737
22	280	0.863636
25	280	0.920000
28	280	0.821429
31	280	0.870968
34	280	0.970588
37	280	0.945946
40	280	0.850000
43	280	0.930233
46	280	0.934783
49	280	0.959184
52	280	0.903846
55	280	0.927273
58	280	0.931034
61	280	0.950820
64	280	0.953125
67	280	0.925373
70	280	0.942857
73	280	1.000000
76	280	0.960526
79	280	0.949367
82	280	0.951220
85	280	0.929412
88	280	0.943182
1	290	0.000000
4	290	1.000000
7	290	0.428571
10	290	0.800000
13	290	0.846154
16	290	0.875000
19	290	0.894737
22	290	0.863636
25	290	0.920000
28	290	0.928571
31	290	0.903226
34	290	0.941176
37	290	0.972973
40	290	0.925000
43	290	0.883721
46	290	0.913043
49	290	0.918367
52	290	0.961538
55	290	0.963636
58	290	0.948276
61	290	0.950820
64	290	0.937500
67	290	0.955224
70	290	0.957143
73	290	0.972603
76	290	0.907895
79	290	0.962025
82	290	0.963415
85	290	0.976471
88	290	0.954545
1	300	0.000000
4	300	0.500000
7	300	0.857143
10	300	0.900000
13	300	0.615385
16	300	0.875000
19	300	0.842105
22	300	0.909091
25	300	0.960000
28	300	0.964286
31	300	0.935484
34	300	0.852941
37	300	0.891892
40	300	0.950000
43	300	0.930233
46	300	0.913043
49	300	0.979592
52	300	0.903846
55	300	0.945455
58	300	0.913793
61	300	0.950820
64	300	0.953125
67	300	0.970149
70	300	0.957143
73	300	0.945205
76	300	0.973684
79	300	0.962025
82	300	0.951220
85	300	0.964706
88	300	0.965909
